450
432
81
163
81
129
5
408
127
258
334
439
34
360
321
59
70
460
492
329
438
490
71
3
175
229
446
13
159
367
468
175
96
303
291
397
400
238
217
374
158
139
10
47
268
361
484
229
176
218
168
399
101
419
479
222
96
213
460
103
39
314
481
383
365
490
423
2
193
484
90
185
419
198
248
78
262
76
19
306
22
236
107
448
242
338
180
436
212
239
328
362
216
92
254
116
63
499
264
365
110
466
249
473
122
390
274
138
39
269
311
410
23
239
234
161
316
242
266
382
408
312
404
176
372
432
5
34
431
225
463
39
38
238
497
325
109
138
375
126
217
287
238
33
236
203
424
121
361
344
160
271
249
268
148
336
490
346
299
499
343
452
50
363
338
341
413
261
46
213
406
6
193
66
65
240
438
105
377
286
338
480
18
183
496
463
159
131
326
453
338
308
236
222
18
374
270
14
445
41
13
415
99
38
181
464
460
266
258
186
325
143
32
131
447
254
397
135
136
16
408
246
223
384
48
354
295
260
119
214
139
53
172
42
382
291
238
329
284
207
464
421
226
285
4
240
366
198
114
317
104
475
352
304
282
245
54
190
273
148
85
11
450
162
266
338
260
375
310
107
149
180
114
136
309
389
165
265
279
186
182
238
90
442
167
313
67
340
271
493
440
116
360
229
138
145
65
52
218
292
300
23
107
491
176
95
462
231
153
100
270
17
446
431
376
125
119
216
354
252
475
428
245
487
206
436
451
179
52
491
37
312
281
220
48
318
280
303
442
453
425
405
51
41
446
37
286
348
387
71
103
448
81
499
31
69
122
64
359
331
385
370
66
92
480
473
490
116
356
250
484
143
6
335
34
161
52
72
62
256
363
438
122
282
99
430
396
120
157
105
282
414
204
236
10
180
146
194
420
64
470
385
210
336
243
217
61
370
78
375
250
370
288
425
160
425
157
36
158
79
495
96
148
132
42
383
296
83
35
83
285
168
66
152
107
353
169
119
74
279
385
428
320
413
256
487
274
409
77
52
328
459
34
224
287
15
108
19
109
38
385
402
429
397
321
73
262
68
372
303
270
215
274
344
236
478
377
340
201
132
47
51
348
129
132
72
211
256
427
27
483
310
140
171
350
356
271
219
187
440
70
399
489
279
485
457
434
47
346
361
189
156
273
423
181
49
420
32
121
495
430
294
207
248
53
42
361
297
324
446
191
429
86
41
490
222
414
173
242
354
184
219
292
277
378
70
480
368
92
333
496
371
22
109
290
334
65
164
41
274
458
403
473
219
488
459
461
414
460
98
341
322
353
330
418
291
155
408
402
266
375
176
353
410
64
56
66
444
243
277
29
32
412
412
78
496
244
33
450
454
197
91
400
231
80
220
235
175
137
465
438
403
21
142
158
323
76
25
25
16
352
160
355
106
211
243
59
141
495
104
237
109
93
191
302
184
462
465
323
128
274
13
124
476
26
99
53
78
30
340
176
93
273
282
275
202
41
